					15 00 02 E0 00
					15 00 02 E1 93
					15 00 02 E2 65
					15 00 02 E3 F8
					15 00 02 80 03
					15 00 02 E0 01
					15 00 02 00 00
					15 00 02 01 6E
					15 00 02 03 00
					15 00 02 04 75
					15 00 02 17 00
					15 00 02 18 D7
					15 00 02 19 01
					15 00 02 1A 00
					15 00 02 1B D7
					15 00 02 1C 01
					15 00 02 1F 79
					15 00 02 20 2D
					15 00 02 21 2D
					15 00 02 22 0F
					15 00 02 37 09
					15 00 02 38 04
					15 00 02 39 00
					15 00 02 3A 01
					15 00 02 3C 70
					15 00 02 3D FF
					15 00 02 3E FF
					15 00 02 3F 7F
					15 00 02 40 06
					15 00 02 41 A0
					15 00 02 43 1E
					15 00 02 44 0D
					15 00 02 45 28
					15 00 02 4B 04
					15 00 02 55 0F
					15 00 02 56 01
					15 00 02 57 A9
					15 00 02 58 0A
					15 00 02 59 2A
					15 00 02 5A 37
					15 00 02 5B 19
					15 00 02 5D 78
					15 00 02 5E 55
					15 00 02 5F 43
					15 00 02 60 36
					15 00 02 61 31
					15 00 02 62 22
					15 00 02 63 26
					15 00 02 64 10
					15 00 02 65 29
					15 00 02 66 27
					15 00 02 67 27
					15 00 02 68 44
					15 00 02 69 32
					15 00 02 6A 3C
					15 00 02 6B 3F
					15 00 02 6C 29
					15 00 02 6D 1C
					15 00 02 6E 0D
					15 00 02 6F 02
					15 00 02 70 78
					15 00 02 71 55
					15 00 02 72 43
					15 00 02 73 36
					15 00 02 74 31
					15 00 02 75 22
					15 00 02 76 26
					15 00 02 77 10
					15 00 02 78 29
					15 00 02 79 27
					15 00 02 7A 27
					15 00 02 7B 44
					15 00 02 7C 32
					15 00 02 7D 3C
					15 00 02 7E 3F
					15 00 02 7F 29
					15 00 02 80 1C
					15 00 02 81 0D
					15 00 02 82 02
					15 00 02 E0 02
					15 00 02 00 40
					15 00 02 01 44
					15 00 02 02 46
					15 00 02 03 48
					15 00 02 04 4A
					15 00 02 05 4C
					15 00 02 06 4E
					15 00 02 07 57
					15 00 02 08 77
					15 00 02 09 55
					15 00 02 0A 50
					15 00 02 0B 55
					15 00 02 0C 55
					15 00 02 0D 55
					15 00 02 0E 55
					15 00 02 0F 55
					15 00 02 10 55
					15 00 02 11 55
					15 00 02 12 55
					15 00 02 13 52
					15 00 02 14 55
					15 00 02 15 55
					15 00 02 16 41
					15 00 02 17 45
					15 00 02 18 47
					15 00 02 19 49
					15 00 02 1A 4B
					15 00 02 1B 4D
					15 00 02 1C 4F
					15 00 02 1D 57
					15 00 02 1E 77
					15 00 02 1F 55
					15 00 02 20 51
					15 00 02 21 55
					15 00 02 22 55
					15 00 02 23 55
					15 00 02 24 55
					15 00 02 25 55
					15 00 02 26 55
					15 00 02 27 55
					15 00 02 28 55
					15 00 02 29 53
					15 00 02 2A 55
					15 00 02 2B 55
					15 00 02 2C 11
					15 00 02 2D 0F
					15 00 02 2E 0D
					15 00 02 2F 0B
					15 00 02 30 09
					15 00 02 31 07
					15 00 02 32 05
					15 00 02 33 17
					15 00 02 34 17
					15 00 02 35 15
					15 00 02 36 01
					15 00 02 37 15
					15 00 02 38 15
					15 00 02 39 15
					15 00 02 3A 15
					15 00 02 3B 15
					15 00 02 3C 15
					15 00 02 3D 15
					15 00 02 3E 15
					15 00 02 3F 13
					15 00 02 40 15
					15 00 02 41 15
					15 00 02 42 10
					15 00 02 43 0E
					15 00 02 44 0C
					15 00 02 45 0A
					15 00 02 46 08
					15 00 02 47 06
					15 00 02 48 04
					15 00 02 49 17
					15 00 02 4A 17
					15 00 02 4B 15
					15 00 02 4C 00
					15 00 02 4D 15
					15 00 02 4E 15
					15 00 02 4F 15
					15 00 02 50 15
					15 00 02 51 15
					15 00 02 52 15
					15 00 02 53 15
					15 00 02 54 15
					15 00 02 55 12
					15 00 02 56 15
					15 00 02 57 15
					15 00 02 58 40
					15 00 02 59 00
					15 00 02 5A 00
					15 00 02 5B 10
					15 00 02 5C 06
					15 00 02 5D 40
					15 00 02 5E 00
					15 00 02 5F 00
					15 00 02 60 40
					15 00 02 61 03
					15 00 02 62 04
					15 00 02 63 60
					15 00 02 64 60
					15 00 02 65 75
					15 00 02 66 0C
					15 00 02 67 B4
					15 00 02 68 08
					15 00 02 69 60
					15 00 02 6A 60
					15 00 02 6B 10
					15 00 02 6C 00
					15 00 02 6D 04
					15 00 02 6E 00
					15 00 02 6F 88
					15 00 02 70 00
					15 00 02 71 00
					15 00 02 72 06
					15 00 02 73 7B
					15 00 02 74 00
					15 00 02 75 BC
					15 00 02 76 00
					15 00 02 77 0D
					15 00 02 78 2C
					15 00 02 79 00
					15 00 02 7A 00
					15 00 02 7B 00
					15 00 02 7C 00
					15 00 02 7D 03
					15 00 02 7E 7B
					15 00 02 E0 04
					15 00 02 09 10
					15 00 02 0E 48
					15 00 02 27 48
					15 00 02 2B 2B
					15 00 02 2E 44
					15 00 02 2D 03
					15 00 02 E0 05
					15 00 02 12 72
					15 00 02 E0 00
					15 00 02 E6 02
					15 00 02 E7 06
					15 00 02 11 00
					15 78 02 29 00
					15 05 02 E0 03
					15 05 02 AB 0E
					15 05 02 E0 00
